-647
-2586
-5979
6365
2972
1033
387
387
387
387
387
387
387
387
387
387
387
387
387
387
387
387
387
387
387
387
387
387
387
387
387
387
387
387
387
387
387
387
387
387
387
387
387
387
387
387
387
387
387
387
387
387
387
387
387
387
387
387
387
387
387
387
387
387
387
387
387
387
387
387
387
387
387
387
387
387
387
387
387
387
387
387
387
387
387
387
387
387
387
387
387
387
387
387
387
1285
4032
8962
-7691
-3484
-1144
-516
-511
-711
-713
-729
-638
-988
-299
-22
-201
296
294
445
388
336
131
-104
-350
-349
-628
-673
-781
-730
-776
-581
-383
-94
-161
257
312
461
396
276
154
-68
-443
-301
-696
-673
-798
-777
-740
-535
-373
-108
-103
280
296
453
377
318
98
-87
-478
-302
-668
-698
-809
-755
-731
-552
-319
-88
-92
267
317
403
406
294
108
-95
-416
-397
-663
-739
-813
-811
-694
-516
-345
-5
-108
310
288
477
366
319
58
-149
-472
-379
-654
-766
-809
-782
-722
-494
-324
31
-97
321
314
438
312
312
71
-139
-510
-371
-732
-748
-817
-721
-715
-515
-303
0
8
285
370
425
337
273
20
-154
-550
-368
-741
-681
-851
-760
-677
-454
-233
-183
133
249
433
433
359
243
-72
-173
-565
-366
-714
-725
-839
-715
-705
-435
-211
-201
181
238
432
411
365
229
-45
-208
-591
-350
-629
-956
-776
-685
-666
-427
-204
-135
201
270
401
427
327
212
-82
-233
-479
-504
-687
-753
-817
-687
-650
-422
-205
-117
229
263
422
400
346
167
-86
-327
-282
-637
-669
-770
-788
-779
-591
-403
-190
-37
180
310
370
456
324
188
-69
-422
-263
-677
-652
-799
-779
-750
-584
-388
-151
22
97
327
386
434
328
157
-74
-425
-256
-688
-664
-845
-802
-723
-604
-334
-113
-41
213
343
406
406
305
141
-122
-452
-279
-675
-707
-831
-779
-761
-528
-320
-108
-112
297
296
465
386
284
105
-106
-451
-304
-713
-706
-829
-788
-725
-539
-344
11
-91
288
290
459
377
291
91
-167
-440
-309
-715
-712
-860
-771
-708
-510
-358
-49
-1
253
382
418
384
256
42
-191
-440
-342
-743
-703
-825
-758
-716
-515
-282
-141
108
233
376
414
388
244
9
-184
-497
-336
-739
-656
-858
-718
-723
-456
-303
-136
120
243
412
429
362
236
12
-206
-528
-418
-691
-685
-838
-725
-697
-480
-243
-90
86
308
362
428
359
223
-40
-265
-358
-516
-698
-732
-778
-763
-654
-485
-252
38
38
297
370
418
365
205
-58
-268
-254
-650
-663
-790
-766
-771
-628
-427
-252
72
6
345
372
428
332
239
-66
-353
-231
-660
-640
-820
-786
-765
-606
-389
-227
57
69
324
376
419
345
195
-61
-401
-250
-707
-629
-804
-811
-769
-603
-360
-162
-41
189
297
406
406
293
160
-29
-371
-274
-713
-672
-837
-804
-744
-572
-348
-89
-141
268
309
447
397
286
140
-121
-352
-294
-731
-674
-845
-761
-761
-558
-364
-27
-106
252
291
447
396
322
59
-130
-381
-317
-703
-682
-815
-771
-765
-531
-356
-51
-82
244
371
463
386
238
70
-148
-428
-306
-708
-694
-829
-740
-737
-481
-385
-41
-5
252
329
475
373
246
53
-193
-471
-286
-739
-656
-835
-728
-743
-514
-355
17
-34
272
355
428
374
275
34
-173
-508
-392
-657
-714
-837
-707
-735
-491
-318
31
-71
311
379
451
348
251
3
-227
-322
-528
-672
-747
-813
-764
-666
-512
-262
56
-43
325
324
460
350
247
-12
-261
-280
-596
-641
-837
-747
-801
-626
-482
-268
101
-63
322
353
471
312
217
-30
-269
-249
-662
-668
-782
-792
-818
-598
-468
-261
105
8
298
352
478
327
223
-80
-289
-257
-667
-684
-847
-758
-760
-624
-396
-186
-129
207
315
386
416
332
184
-90
-287
-368
-588
-689
-824
-778
-785
-605
-380
-122
-177
285
259
423
397
338
153
-91
-308
-418
-570
-679
-770
-829
-762
-612
-382
-43
-157
224
318
473
384
306
120
-140
-327
-423
-559
-728
-773
-763
-742
-606
-391
-13
-124
249
319
431
419
318
86
-155
-365
-320
-690
-674
-801
-759
-739
-568
-369
8
-126
300
316
425
383
303
66
-105
-492
-296
-662
-656
-856
-723
-748
-545
-360
-6
-126
308
336
457
382
292
67
-143
-466
-381
-656
-743
-765
-793
-708
-526
-324
-40
-99
376
283
480
373
262
35
-154
-341
-490
-672
-767
-781
-768
-719
-530
-270
10
-75
330
317
471
314
283
48
-227
-296
-524
-672
-824
-785
-762
-687
-503
-256
75
-77
319
303
480
304
278
33
-225
-373
-532
-670
-820
-788
-795
-643
-443
-284
6
42
281
345
490
321
213
-18
-215
-454
-479
-698
-784
-795
-751
-654
-415
-245
-135
224
265
339
450
330
208
-26
-232
-537
-443
-755
-740
-790
-778
-651
-430
-108
-202
212
262
457
434
306
154
-77
-232
-511
-438
-717
-748
-802
-768
-624
-408
-98
-190
223
288
452
406
303
167
-63
-318
-425
-537
-729
-756
-765
-750
-615
-422
-69
-216
309
272
469
416
319
106
-113
-332
-293
-708
-664
-756
-778
-725
-585
-409
-114
-153
324
313
425
399
281
147
-68
-472
-278
-659
-676
-830
-752
-799
-522
-315
-114
-93
269
279
475
401
325
106
-117
-464
-363
-641
-678
-843
-817
-663
-558
-294
-122
-63
286
316
441
383
264
90
-114
-346
-451
-663
-759
-790
-794
-706
-540
-306
-10
-65
278
294
463
364
308
49
-147
-413
-414
-686
-761
-835
-762
-697
-539
-280
23
-53
292
300
478
340
273
75
-160
-504
-392
-707
-728
-826
-756
-699
-494
-262
-41
22
305
328
440
386
219
7
-155
-566
-345
-757
-692
-837
-735
-693
-439
-246
-194
166
260
416
449
350
186
-5
-199
-547
-394
-710
-678
-864
-734
-670
-452
-171
-221
191
231
441
452
327
192
-9
-269
-525
-407
-669
-748
-831
-747
-634
-451
-142
-224
234
262
420
442
337
142
-51
-282
-376
-560
-682
-748
-775
-762
-602
-482
-160
-147
201
301
428
409
329
174
-57
-365
-252
-649
-699
-794
-766
-762
-625
-387
-199
-28
185
319
394
413
323
176
-67
-424
-288
-688
-655
-821
-787
-720
-604
-384
-140
-21
156
333
409
410
286
181
-87
-464
-283
-671
-668
-844
-811
-718
-562
-348
-130
-97
232
360
400
406
331
130
-106
-473
-271
-677
-704
-848
-781
-753
-530
-373
-14
-103
291
316
469
343
296
103
-86
-483
-291
-750
-663
-858
-781
-724
-540
-336
36
-107
287
272
488
396
279
35
-152
-455
-323
-746
-667
-836
-759
-753
-509
-278
-86
8
301
353
452
332
255
76
-190
-484
-307
-785
-664
-849
-737
-692
-449
-282
-165
99
265
393
414
385
217
27
-178
-537
-347
-737
-636
-848
-764
-701
-466
-272
-121
143
228
414
426
358
240
-18
-200
-511
-425
-684
-700
-812
-766
-701
-426
-256
-74
111
262
410
436
331
193
-49
-229
-345
-541
-658
-778
-784
-786
-619
-470
-276
32
48
303
385
446
322
180
-39
-332
-230
-648
-663
-801
-792
-772
-640
-404
-260
104
13
301
380
442
341
179
-31
-372
-243
-689
-655
-806
-789
-789
-599
-422
-215
34
107
310
381
454
313
192
-53
-382
-266
-700
-678
-842
-774
-749
-607
-363
-138
-94
215
321
365
442
350
123
-73
-416
-261
-693
-660
-845
-799
-770
-573
-347
-63
-151
259
305
443
378
356
94
-116
-343
-353
-670
-690
-826
-787
-754
-531
-375
-35
-101
283
298
447
434
271
86
-152
-375
-341
-692
-682
-808
-782
-747
-548
-340
-45
-25
263
372
409
384
281
58
-173
-405
-337
-697
-693
-807
-769
-731
-502
-336
-53
-14
283
366
440
400
262
40
-149
-516
-330
-713
-666
-849
-728
-741
-491
-342
34
-29
274
351
452
377
252
20
-164
-462
-410
-683
-735
-814
-745
-723
-500
-277
49
-76
353
345
438
332
255
19
-237
-313
-567
-663
-768
-796
-791
-662
-476
-243
61
-73
338
324
489
299
242
-27
-274
-241
-631
-626
-836
-772
-805
-652
-463
-235
111
-42
329
316
491
284
257
-39
-281
-263
-663
-666
-799
-786
-807
-637
-427
-226
45
51
334
352
451
304
197
-51
-307
-287
-646
-693
-794
-803
-759
-633
-393
-133
-151
190
318
400
414
329
164
-54
-320
-380
-581
-695
-809
-762
-782
-614
-386
-114
-120
214
311
469
393
284
140
-48
-333
-421
-574
-719
-801
-755
-792
-567
-448
-1
-166
250
339
434
403
265
121
-119
-332
-382
-607
-699
-777
-765
-759
-606
-367
10
-138
269
266
481
367
329
87
-136
-394
-310
-711
-655
-796
-738
-765
-570
-390
27
-103
292
279
480
366
291
74
-124
-505
-323
-661
-669
-810
-763
-746
-513
-362
26
-148
296
337
448
357
285
47
-120
-447
-392
-647
-743
-816
-752
-709
-515
-282
-37
-70
318
287
459
341
319
40
-188
-337
-480
-645
-792
-798
-794
-660
-528
-273
50
-112
330
330
428
355
266
2
-205
-264
-567
-666
-771
-806
-828
-664
-447
-291
78
-80
308
326
458
327
280
0
-221
-357
-550
-643
-823
-805
-763
-663
-455
-221
-32
65
280
352
451
343
217
30
-235
-507
-427
-695
-807
-804
-731
-673
-446
-161
-173
219
254
395
420
345
203
-4
-232
-567
-448
-718
-739
-824
-736
-670
-446
-82
-205
254
283
430
392
352
162
-76
-236
-561
-470
-698
-745
-812
-733
-636
-411
-78
-210
251
284
478
402
307
136
-86
-303
-403
-600
-638
-778
-813
-731
-621
-412
-72
-192
314
290
447
388
317
106
-104
-385
-291
-699
-654
-807
-739
-772
-558
-407
-121
-131
280
315
423
415
299
119
-104
-473
-285
-668
-717
-733
-783
-778
-556
-312
-110
-107
275
332
417
372
307
137
-105
-424
-401
-630
-704
-842
-776
-726
-535
-284
-82
-132
300
330
423
353
326
92
-153
-368
-423
-658
-751
-823
-800
-662
-542
-310
35
-95
259
324
464
349
290
76
-160
-433
-382
-695
-765
-833
-779
-674
-527
-294
50
-42
304
293
442
357
279
58
-141
-501
-399
-690
-733
-821
-775
-683
-479
-279
-53
54
294
380
407
358
239
11
-150
-527
-362
-755
-680
-857
-750
-680
-439
-215
-180
170
271
408
418
360
203
6
-212
-547
-410
-731
-681
-856
-729
-649
-423
-170
-238
234
232
422
424
358
202
-43
-218
-554
-433
-682
-752
-826
-712
-658
-422
-149
-235
237
302
383
418
334
161
-40
-286
-375
-592
-689
-770
-792
-756
-625
-422
-187
-70
168
285
430
397
309
174
-61
-379
-244
-690
-646
-832
-785
-767
-591
-387
-177
-57
160
327
416
396
323
176
-126
-397
-291
-659
-648
-822
-813
-743
-556
-350
-169
-82
182
371
375
427
309
168
-116
-423
-308
-682
-706
-812
-787
-737
-553
-335
-146
-76
250
335
406
359
354
127
-95
-513
-269
-715
-677
-852
-779
-735
-525
-335
-19
-116
274
304
445
383
299
95
-112
-451
-310
-719
-675
-877
-773
-723
-530
-333
31
-65
287
324
452
336
331
61
-164
-484
-311
-737
-666
-825
-785
-739
-487
-292
-104
75
248
369
449
355
253
61
-194
-485
-326
-733
-680
-840
-724
-718
-482
-286
-144
121
225
423
454
375
215
14
-176
-561
-336
-701
-685
-838
-726
-714
-449
-262
-137
136
280
409
417
340
211
0
-218
-458
-467
-689
-710
-811
-758
-705
-451
-234
-39
54
305
390
436
340
203
-38
-273
-310
-628
-640
-788
-762
-798
-644
-457
-256
67
30
337
358
439
344
211
-77
-347
-238
-659
-647
-799
-781
-784
-613
-456
-205
58
60
311
351
469
310
214
-59
-382
-242
-678
-668
-831
-783
-769
-617
-415
-163
-6
108
351
394
417
326
172
-81
-372
-261
-694
-684
-846
-800
-753
-557
-376
-147
-104
223
330
409
416
308
133
-87
-384
-260
-727
-662
-832
-773
-779
-550
-396
-38
-127
287
302
433
391
309
117
-105
-388
-331
-723
-651
-847
-771
-741
-549
-381
2
-98
291
288
464
384
279
96
-163
-386
-339
-700
-679
-832
-760
-723
-533
-331
-51
-31
234
369
434
409
254
38
-162
-429
-318
-726
-675
-845
-720
-766
-500
-301
-58
-3
269
344
454
375
231
62
-149
-519
-362
-702
-675
-836
-739
-726
-480
-322
20
-43
296
345
438
362
246
17
-198
-449
-424
-668
-711
-839
-754
-689
-486
-271
46
-61
332
318
486
353
240
-22
-272
-249
-598
-662
-769
-824
-772
-649
-454
-262
100
-58
338
319
451
316
247
-38
-273
-221
-666
-661
-787
-764
-791
-671
-442
-239
94
-13
328
311
463
335
209
-33
-276
-242
-698
-671
-791
-792
-788
-593
-434
-207
20
88
329
367
404
331
193
-31
-309
-300
-637
-669
-833
-765
-784
-595
-403
-126
-159
243
283
393
433
352
167
-102
-266
-390
-622
-698
-788
-807
-760
-608
-375
-57
-146
213
288
442
416
296
127
-117
-299
-414
-571
-672
-803
-828
-717
-640
-381
-19
-131
254
296
463
402
287
104
-121
-344
-388
-652
-685
-768
-785
-748
-581
-387
-13
-126
233
340
454
373
283
69
-117
-434
-295
-724
-674
-787
-743
-787
-556
-370
4
-116
298
309
459
372
273
106
-132
-541
-314
-666
-655
-859
-723
-766
-525
-338
-14
-124
317
343
457
356
280
63
-176
-407
-428
-633
-766
-809
-781
-678
-531
-257
-18
-124
324
317
480
320
302
27
-194
-286
-558
-678
-755
-823
-776
-664
-483
-299
37
-80
332
342
463
319
296
26
-229
-283
-591
-642
-775
-842
-775
-673
-464
-274
114
-54
314
349
441
332
274
-12
-219
-378
-542
-666
-779
-811
-805
-638
-415
-223
-63
95
302
401
429
323
240
-21
-230
-496
-487
-683
-768
-821
-755
-650
-409
-132
-217
239
265
450
377
362
191
-48
-254
-500
-456
-707
-785
-790
-754
-661
-406
-71
-233
272
319
416
400
306
147
-88
-244
-495
-507
-707
-751
-792
-759
-664
-396
-66
-205
262
313
437
360
336
127
-102
-348
-367
-635
-655
-782
-767
-747
-634
-370
-84
-178
281
305
443
395
287
120
-143
-379
-283
-679
-663
-790
-784
-757
-563
-382
-127
-104
285
303
446
396
308
118
-109
-491
-336
-654
-673
-825
-757
-725
-568
-329
-78
-112
275
324
415
393
310
78
-130
-411
-395
-646
-727
-800
-799
-733
-526
-289
-51
-118
287
345
437
387
288
65
-131
-392
-434
-639
-740
-823
-804
-712
-514
-295
5
-88
325
309
448
368
271
51
-105
-452
-421
-680
-726
-868
-758
-677
-520
-277
47
-33
260
338
464
363
282
10
-166
-525
-335
-730
-716
-835
-765
-700
-457
-229
-136
124
251
386
428
343
231
38
-189
-512
-358
-740
-717
-843
-724
-702
-402
-203
-203
195
247
431
423
342
241
-24
-225
-599
-391
-667
-736
-863
-727
-654
-442
-164
-187
197
273
421
387
369
170
-54
-259
-471
-449
-702
-739
-825
-757
-664
-412
-164
-168
241
258
434
449
327
120
-44
-323
-337
-631
-647
-776
-774
-774
-621
-400
-150
-132
209
300
392
414
350
174
-91
-410
-269
-673
-637
-840
-760
-772
-601
-378
-162
-42
173
290
435
405
312
167
-85
-440
-288
-659
-676
-830
-762
-755
-542
-447
-136
-11
194
337
406
408
326
141
-93
-433
-332
-661
-670
-830
-828
-717
-541
-325
-92
-116
261
354
399
395
321
97
-78
-495
-294
-692
-686
-866
-796
-758
-490
-337
-15
-99
278
307
451
385
323
45
-103
-495
-282
-712
-718
-830
-786
-739
-497
-322
4
-70
300
313
457
390
266
55
-160
-473
-342
-713
-662
-873
-738
-697
-518
-283
-124
93
246
418
406
373
216
54
-193
-503
-366
-694
-704
-853
-750
-693
-475
-234
-195
134
268
397
445
353
229
19
-188
-553
-355
-728
-725
-811
-737
-709
-441
-247
-131
123
296
434
385
337
205
27
-258
-474
-459
-654
-722
-852
-729
-681
-457
-228
-36
115
250
393
447
353
198
-56
-316
-273
-612
-675
-783
-783
-763
-645
-451
-226
54
43
316
380
419
347
180
-37
-367
-247
-662
-657
-810
-774
-755
-610
-400
-222
54
76
322
368
441
327
189
-36
-403
-264
-677
-686
-811
-782
-747
-599
-387
-179
-31
175
313
411
402
305
187
-66
-407
-291
-697
-659
-842
-793
-740
-579
-351
-94
-141
269
326
429
358
313
126
-63
-411
-277
-683
-692
-830
-786
-739
-576
-349
-10
-150
290
276
455
377
320
66
-109
-378
-310
-700
-681
-820
-782
-753
-552
-363
-31
-52
244
349
430
367
277
54
-139
-388
-340
-717
-680
-816
-779
-744
-494
-376
-65
-36
303
343
418
406
280
-11
-137
-448
-315
-727
-695
-819
-733
-735
-503
-326
-67
15
253
404
410
382
228
58
-177
-524
-356
-679
-686
-828
-772
-719
-500
-324
32
-20
296
352
466
332
247
-16
-195
-420
-488
-642
-755
-804
-778
-695
-491
-276
77
-83
332
353
456
338
270
-32
-276
-258
-586
-640
-806
-773
-782
-648
-486
-244
104
-28
342
352
439
310
272
-36
-298
-232
-681
-629
-812
-812
-797
-611
-425
-247
101
-19
329
362
470
286
225
-31
-326
-243
-672
-658
-821
-788
-767
-598
-417
-211
-2
118
324
391
437
304
207
-75
-302
-301
-642
-683
-821
-806
-757
-602
-369
-117
-169
226
328
454
414
299
159
-90
-303
-444
-582
-701
-787
-806
-755
-558
-397
-79
-165
243
312
420
397
311
137
-117
-321
-394
-628
-724
-784
-766
-747
-609
-360
-52
-116
231
346
438
371
320
93
-149
-374
-368
-665
-702
-763
-752
-770
-548
-409
2
-99
253
329
443
384
277
87
-158
-402
-367
-694
-650
-819
-769
-716
-563
-364
-15
-87
303
287
450
370
308
59
-120
-518
-363
-685
-695
-785
-783
-722
-527
-291
-32
-73
323
317
460
382
257
48
-148
-389
-465
-672
-731
-810
-812
-686
-471
-283
24
-99
330
306
481
321
305
30
-208
-311
-556
-651
-799
-796
-788
-667
-486
-280
79
-87
349
323
436
361
265
-6
-251
-279
-556
-660
-817
-814
-728
-698
-461
-256
88
-16
303
395
385
323
303
-43
-221
-363
-536
-692
-785
-795
-791
-628
-431
-201
-93
168
267
407
401
356
200
-22
-250
-491
-458
-720
-782
-813
-771
-651
-399
-147
-171
230
291
418
374
378
165
-49
-265
-516
-463
-695
-750
-860
-717
-651
-382
-109
-228
272
304
440
375
364
151
-136
-256
-440
-556
-719
-793
-764
-735
-655
-386
-57
-178
257
273
474
404
305
118
-109
-371
-366
-648
-657
-781
-778
-773
-573
-364
-83
-174
280
301
489
375
295
96
-110
-443
-290
-710
-648
-816
-741
-741
-563
-341
-123
-127
311
298
463
385
304
92
-91
-474
-347
-654
-674
-825
-788
-762
-542
-291
-80
-93
305
285
448
391
279
58
-114
-392
-405
-685
-736
-800
-809
-700
-486
-280
-68
-101
304
331
426
352
312
75
-157
-382
-468
-632
-737
-828
-793
-676
-502
-317
41
-97
342
272
481
336
290
69
-174
-462
-424
-667
-774
-816
-784
-641
-482
-328
7
23
295
344
452
319
288
27
-182
-512
-384
-702
-737
-858
-769
-681
-411
-251
-148
136
287
372
433
324
234
12
-163
-570
-378
-738
-686
-841
-722
-706
-452
-179
-224
228
275
436
413
337
190
-29
-222
-558
-416
-694
-727
-824
-724
-728
-394
-163
-216
242
254
461
382
344
170
-69
-228
-473
-510
-682
-719
-809
-759
-647
-439
-89
-201
209
277
462
380
316
169
-112
-278
-305
-651
-659
-770
-791
-781
-596
-370
-185
-111
193
343
411
402
322
157
-47
-439
-268
-661
-664
-834
-724
-779
-606
-370
-148
-44
185
306
440
384
315
170
-67
-432
-322
-655
-707
-825
-762
-784
-532
-313
-154
-46
186
334
438
384
310
153
-109
-437
-337
-655
-710
-813
-793
-733
-545
-316
-88
-121
267
366
429
357
301
129
-86
-519
-283
-693
-711
-849
-793
-746
-505
-325
-17
-90
318
298
457
374
267
56
-106
-478
-360
-736
-675
-861
-743
-749
-497
-339
-16
-12
272
350
408
363
295
56
-175
-498
-312
-757
-688
-855
-734
-711
-498
-273
-139
90
294
402
394
342
262
46
-210
-534
-339
-729
-698
-836
-720
-728
-456
-233
-172
151
239
383
449
356
208
-23
-182
-545
-356
-689
-720
-836
-770
-674
-431
-272
-121
134
318
338
472
300
243
-29
-241
-395
-501
-697
-712
-803
-777
-653
-434
-222
10
60
298
383
478
315
208
-79
-325
-237
-623
-640
-809
-776
-797
-601
-424
-245
69
25
332
413
413
323
191
-50
-369
-213
-678
-679
-798
-787
-790
-581
-408
-225
70
87
348
359
435
318
186
-36
-414
-236
-692
-636
-853
-774
-758
-597
-374
-156
-22
179
344
375
414
305
160
-53
-400
-272
-698
-698
-831
-797
-757
-560
-340
-109
-133
272
305
427
356
329
126
-99
-384
-292
-726
-724
-822
-742
-768
-564
-371
-7
-152
295
311
429
374
292
111
-129
-395
-321
-716
-693
-826
-766
-745
-522
-357
-49
-76
243
367
438
392
259
45
-159
-432
-327
-715
-682
-827
-758
-730
-537
-295
-90
7
250
363
440
371
252
30
-172
-468
-330
-716
-698
-815
-721
-782
-487
-304
-38
-36
313
345
485
331
242
45
-138
-569
-368
-687
-680
-820
-751
-717
-457
-327
47
-43
308
346
471
350
227
5
-192
-375
-518
-696
-725
-824
-773
-664
-473
-247
51
-60
354
311
482
330
262
-19
-272
-272
-617
-662
-783
-780
-772
-655
-469
-235
135
-52
323
327
455
338
272
-52
-291
-230
-679
-666
-783
-771
-784
-618
-456
-225
62
47
338
326
486
308
239
-94
-331
-248
-661
-676
-802
-797
-780
-621
-380
-181
-100
160
352
376
425
312
194
-66
-290
-316
-679
-690
-802
-769
-756
-615
-401
-81
-177
248
277
454
407
310
123
-82
-309
-370
-642
-699
-781
-795
-757
-594
-420
-15
-153
240
327
440
357
306
127
-134
-328
-415
-609
-700
-765
-814
-736
-592
-388
-18
-104
248
304
440
383
291
96
-161
-366
-328
-689
-714
-777
-737
-775
-573
-372
-2
-128
270
339
429
404
278
74
-118
-481
-307
-714
-670
-812
-764
-742
-534
-368
6
-90
301
343
449
353
296
36
-140
-467
-378
-665
-678
-847
-747
-721
-515
-303
-21
-101
345
317
463
366
249
37
-196
-356
-463
-678
-733
-794
-811
-679
-498
-280
41
-97
325
356
452
361
267
18
-251
-301
-554
-653
-774
-787
-807
-662
-461
-293
100
-59
330
309
467
345
243
8
-242
-304
-560
-693
-792
-802
-788
-672
-457
-227
47
-10
342
343
451
335
240
-1
-246
-403
-526
-685
-789
-824
-752
-667
-428
-186
-136
184
338
376
413
318
210
-31
-251
-475
-477
-707
-743
-836
-766
-645
-385
-148
-210
247
297
455
389
327
164
-50
-264
-527
-481
-707
-735
-834
-762
-623
-391
-84
-216
262
318
432
390
341
125
-118
-285
-451
-546
-711
-737
-772
-777
-619
-414
-51
-193
266
310
460
390
318
117
-110
-367
-330
-636
-699
-802
-772
-754
-580
-371
-49
-158
280
304
437
413
314
102
-101
-484
-282
-661
-657
-830
-751
-771
-507
-383
-79
-106
267
296
462
380
274
117
-131
-454
-346
-634
-701
-840
-788
-710
-534
-314
-59
-109
295
320
437
394
303
86
-124
-399
-468
-654
-748
-784
-779
-679
-569
-297
-8
-87
312
310
452
357
279
40
-119
-419
-438
-681
-770
-784
-799
-699
-523
-266
45
-79
290
322
461
331
271
60
-150
-505
-426
-669
-756
-830
-762
-730
-406
-324
-1
51
262
334
470
368
272
-2
-217
-538
-368
-688
-742
-863
-745
-697
-451
-215
-159
163
277
398
429
343
219
11
-225
-555
-376
-754
-692
-841
-748
-676
-418
-180
-235
236
270
444
402
355
163
-33
-206
-562
-404
-725
-721
-852
-726
-665
-400
-156
-256
284
309
413
418
345
191
-99
-271
-393
-605
-676
-726
-793
-765
-586
-436
-162
-162
257
308
414
379
308
226
-89
-378
-304
-640
-665
-803
-756
-764
-593
-382
-161
-105
209
346
405
408
297
167
-56
-417
-325
-648
-644
-844
-771
-772
-548
-369
-144
-17
210
310
402
424
295
145
-79
-456
-283
-660
-722
-807
-797
-743
-544
-355
-93
-69
229
319
407
386
345
138
-110
-477
-331
-696
-697
-830
-770
-720
-560
-336
-38
-115
311
296
468
346
296
124
-129
-495
-330
-673
-704
-837
-817
-743
-502
-339
24
-78
299
320
432
357
292
80
-142
-515
-349
-717
-672
-848
-774
-721
-503
-305
-81
21
255
387
421
376
268
45
-174
-527
-329
-756
-674
-847
-724
-716
-468
-262
-169
134
263
363
413
381
245
22
-207
-528
-352
-716
-669
-860
-732
-713
-463
-234
-192
168
277
405
406
353
229
8
-187
-525
-434
-704
-696
-821
-744
-682
-419
-237
-125
161
274
381
434
341
207
-61
-237
-385
-539
-652
-729
-804
-793
-617
-427
-260
-12
90
328
387
421
351
197
-52
-334
-238
-655
-642
-787
-793
-788
-611
-407
-224
74
37
329
389
452
291
175
-31
-377
-208
-702
-645
-830
-788
-752
-631
-397
-191
62
86
334
374
426
307
180
-65
-428
-261
-686
-663
-807
-815
-757
-547
-365
-185
-72
215
358
395
399
320
157
-103
-432
-253
-699
-679
-860
-773
-725
-568
-355
-79
-134
278
290
450
395
303
99
-95
-405
-323
-726
-686
-819
-787
-764
-521
-385
-5
-100
277
294
470
371
258
71
-118
-387
-320
-722
-683
-819
-747
-849
-507
-363
12
-60
243
388
418
385
253
75
-151
-452
-313
-755
-668
-840
-702
-746
-522
-332
-71
29
253
367
433
379
277
23
-180
-510
-334
-695
-684
-831
-730
-770
-450
-319
-16
8
258
347
441
369
257
26
-190
-496
-390
-653
-709
-803
-761
-741
-473
-288
59
-85
345
364
469
302
237
-1
-226
-318
-555
-633
-754
-801
-788
-673
-482
-252
81
-40
338
372
446
315
256
-59
-270
-223
-639
-659
-820
-742
-790
-650
-458
-265
112
4
322
321
457
312
204
-3
-296
-244
-680
-624
-818
-797
-784
-623
-389
-252
65
53
328
349
466
325
171
-57
-315
-253
-683
-668
-833
-770
-760
-606
-414
-144
-97
181
299
429
393
331
195
-93
-321
-335
-641
-703
-813
-786
-757
-592
-396
-64
-162
224
278
461
422
300
130
-81
-347
-376
-650
-680
-802
-796
-759
-614
-365
-16
-140
238
319
458
392
298
85
-115
-371
-379
-621
-692
-786
-794
-764
-562
-362
-46
-84
281
330
433
381
270
112
-169
-384
-331
-703
-688
-795
-759
-757
-537
-381
14
-109
283
318
433
394
304
58
-151
-479
-300
-692
-671
-844
-768
-730
-521
-353
0
-80
315
322
453
335
307
52
-176
-447
-411
-609
-717
-819
-759
-707
-524
-288
-11
-103
334
335
483
354
251
31
-214
-315
-534
-623
-782
-803
-780
-694
-503
-266
40
-98
334
343
440
346
275
-12
-240
-246
-601
-654
-789
-810
-783
-640
-474
-304
72
-46
362
319
462
310
265
-24
-250
-260
-622
-641
-838
-794
-782
-636
-439
-243
14
58
317
334
454
365
203
-37
-247
-370
-547
-702
-784
-791
-773
-651
-411
-167
-166
220
303
393
379
357
202
-40
-267
-471
-519
-669
-863
-771
-745
-625
-384
-128
-192
230
286
455
404
347
192
-114
-262
-474
-484
-786
-743
-827
-711
-665
-384
-55
-186
266
287
445
396
336
142
-103
-345
-399
-571
-687
-771
-774
-768
-598
-427
-57
-140
266
284
433
452
301
110
-131
-380
-301
-650
-672
-809
-747
-752
-562
-396
-81
-139
286
327
464
334
325
126
-95
-483
-326
-671
-639
-850
-755
-745
-535
-347
-44
-132
279
319
463
347
295
80
-123
-409
-391
-655
-729
-807
-765
-723
-556
-278
-72
-107
293
333
448
368
286
60
-142
-397
-431
-657
-760
-818
-802
-673
-505
-293
-18
-84
299
339
432
389
235
83
-189
-420
-426
-662
-780
-814
-779
-690
-517
-278
68
-74
306
309
438
354
290
25
-171
-492
-392
-705
-781
-819
-737
-686
-476
-267
-53
50
285
371
447
352
214
37
-146
-573
-384
-704
-746
-845
-736
-687
-455
-183
-188
209
270
405
441
326
177
35
-204
-578
-387
-727
-725
-847
-718
-643
-449
-157
-211
234
276
427
389
375
171
-21
-257
-548
-459
-652
-736
-812
-739
-661
-411
-138
-201
254
285
434
421
296
158
-50
-266
-387
-585
-673
-780
-799
-744
-623
-417
-132
-168
249
308
444
410
328
132
-102
-361
-265
-646
-689
-823
-735
-759
-625
-350
-192
-48
190
316
427
398
331
146
-86
-449
-265
-687
-705
-790
-788
-746
-553
-392
-153
-31
219
303
443
369
328
138
-94
-435
-325
-663
-673
-834
-797
-767
-513
-322
-133
-105
274
303
447
391
305
125
-160
-455
-303
-668
-747
-845
-767
-723
-525
-330
-30
-161
323
309
460
367
283
104
-116
-522
-312
-713
-672
-884
-754
-744
-494
-370
49
-65
268
366
419
343
242
71
-105
-510
-306
-779
-654
-846
-725
-742
-502
-298
-83
59
279
352
461
360
237
23
-164
-509
-334
-746
-691
-833
-744
-693
-449
-268
-173
135
292
391
397
389
195
17
-220
-526
-361
-702
-677
-854
-712
-694
-462
-231
-203
212
268
391
448
339
227
11
-233
-544
-430
-699
-673
-856
-732
-670
-472
-192
-93
136
296
402
454
323
180
-21
-270
-357
-582
-673
-745
-790
-758
-627
-461
-227
-32
89
312
442
439
304
159
-65
-334
-231
-700
-641
-814
-772
-800
-606
-425
-210
63
66
362
377
433
296
185
-60
-357
-244
-674
-683
-831
-814
-755
-581
-392
-149
-5
138
320
408
358
355
151
-57
-410
-233
-706
-721
-832
-752
-781
-561
-363
-104
-92
232
287
436
392
308
147
-106
-428
-270
-692
-706
-817
-826
-735
-564
-335
-74
-119
282
312
445
374
326
126
-160
-366
-308
-714
-660
-841
-794
-776
-522
-373
-8
-73
291
292
449
345
356
72
-149
-436
-348
-702
-684
-836
-743
-758
-496
-317
-95
4
228
365
443
374
267
46
-134
-440
-326
-745
-705
-825
-707
-745
-532
-279
-94
29
261
396
432
373
245
14
-149
-500
-347
-682
-724
-842
-709
-748
-460
-313
13
-16
290
375
419
385
243
18
-191
-490
-444
-657
-699
-801
-756
-747
-469
-299
57
-20
282
366
438
343
247
-21
-242
-294
-602
-633
-792
-812
-747
-643
-461
-276
78
-42
358
346
457
317
233
-13
-335
-230
-685
-636
-756
-802
-768
-660
-411
-236
75
-3
331
341
453
307
243
-49
-349
-197
-710
-636
-858
-781
-749
-600
-434
-205
57
57
322
384
440
292
184
-69
-345
-217
-687
-658
-846
-782
-787
-594
-365
-149
-164
263
330
386
394
333
158
-53
-356
-319
-656
-661
-822
-807
-765
-595
-414
-19
-159
246
303
491
349
332
96
-109
-320
-373
-643
-688
-803
-797
-764
-567
-364
-41
-117
236
338
430
390
308
95
-120
-360
-368
-689
-687
-779
-760
-773
-569
-372
-14
-122
236
360
467
390
283
41
-134
-405
-295
-706
-680
-821
-783
-733
-514
-393
54
-154
278
355
464
369
282
62
-164
-507
-314
-667
-706
-835
-739
-740
-537
-337
32
-112
320
301
470
371
287
15
-155
-414
-435
-682
-715
-812
-789
-714
-494
-293
43
-101
321
311
432
352
286
10
-205
-265
-591
-658
-758
-771
-808
-675
-486
-270
71
-79
281
368
454
316
288
-22
-233
-300
-608
-621
-798
-783
-770
-662
-476
-243
66
-72
355
355
435
329
239
-29
-250
-287
-593
-672
-805
-800
-751
-647
-460
-208
-34
90
305
376
421
354
216
-48
-216
-416
-543
-702
-749
-841
-799
-595
-410
-127
-191
244
259
411
419
353
174
-48
-277
-503
-497
-667
-762
-829
-757
-643
-362
-111
-181
260
289
448
387
315
180
-72
-278
-500
-526
-681
-775
-799
-718
-641
-418
-90
-170
300
300
456
412
299
85
-93
-335
-371
-630
-686
-775
-758
-766
-588
-402
-64
-152
273
301
474
389
291
110
-123
-401
-291
-738
-643
-805
-779
-761
-563
-358
-55
-138
295
288
459
362
326
74
-87
-481
-298
-683
-687
-824
-749
-758
-554
-330
-90
-86
280
340
438
363
279
107
-106
-442
-406
-644
-762
-804
-781
-710
-528
-304
-37
-126
305
292
483
381
280
59
-172
-352
-489
-639
-759
-824
-775
-662
-549
-282
11
-107
324
330
447
312
317
56
-187
-401
-461
-647
-762
-827
-797
-668
-505
-293
41
-29
305
340
451
349
278
-4
-132
-520
-399
-699
-721
-836
-759
-714
-452
-214
-59
96
285
355
461
343
222
-16
-187
-507
-396
-692
-739
-822
-747
-698
-435
-175
-197
210
251
424
405
362
188
19
-240
-545
-388
-720
-701
-862
-729
-665
-408
-156
-224
257
297
448
354
361
181
-49
-232
-501
-458
-713
-738
-812
-762
-648
-391
-134
-203
264
271
441
399
351
124
-73
-311
-360
-617
-663
-771
-769
-751
-620
-416
-135
-160
266
267
423
387
337
136
-68
-407
-273
-678
-645
-833
-777
-765
-548
-389
-157
-47
179
315
434
397
310
142
-94
-461
-275
-694
-630
-858
-747
-790
-564
-320
-160
-22
194
339
414
406
305
104
-109
-429
-352
-660
-700
-788
-848
-713
-530
-326
-94
-111
287
334
408
350
319
114
-91
-498
-334
-649
-756
-816
-795
-709
-550
-314
-17
-92
302
305
460
369
295
101
-128
-518
-310
-729
-713
-841
-729
-740
-555
-321
49
-37
288
344
417
361
257
57
-149
-478
-365
-701
-714
-833
-741
-710
-479
-294
-112
82
282
366
434
368
237
39
-167
-546
-362
-718
-674
-858
-723
-687
-431
-245
-203
150
252
402
458
387
187
-3
-150
-587
-374
-706
-698
-856
-710
-675
-462
-231
-178
200
253
397
425
354
184
-24
-216
-489
-472
-658
-743
-824
-725
-662
-445
-213
-79
122
292
409
436
328
189
-65
-299
-270
-651
-656
-762
-802
-781
-627
-394
-239
12
85
285
408
440
298
219
-78
-374
-261
-652
-656
-813
-808
-753
-567
-398
-209
23
72
355
368
447
290
163
-69
-361
-248
-699
-657
-841
-809
-760
-580
-369
-180
-15
134
333
384
428
331
182
-65
-445
-264
-700
-694
-826
-815
-750
-563
-347
-98
-134
279
317
435
375
318
124
-91
-430
-283
-710
-682
-822
-785
-753
-536
-392
-10
-124
256
357
444
355
324
108
-118
-413
-318
-719
-701
-800
-767
-753
-543
-378
11
-81
272
320
452
400
275
78
-173
-418
-322
-763
-637
-846
-747
-738
-525
-334
-88
38
267
358
442
411
232
15
-165
-429
-345
-722
-680
-824
-713
-753
-517
-308
-80
53
235
375
438
375
267
18
-159
-538
-327
-717
-700
-834
-722
-726
-497
-328
32
32
242
372
446
340
263
-15
-201
-465
-432
-637
-741
-807
-789
-636
-519
-260
40
-29
316
384
439
297
249
-49
-232
-261
-602
-647
-785
-815
-780
-620
-461
-267
93
-40
338
365
439
332
225
-23
-311
-244
-694
-625
-809
-760
-766
-655
-454
-242
114
-2
348
349
451
330
203
-42
-357
-234
-667
-633
-827
-826
-765
-601
-377
-182
-32
135
313
391
424
301
187
-55
-339
-245
-707
-642
-807
-816
-775
-592
-374
-83
-183
235
303
425
384
340
157
-97
-326
-332
-656
-672
-825
-817
-746
-597
-363
-23
-136
239
313
418
408
332
83
-68
-329
-420
-622
-693
-821
-741
-767
-595
-363
-57
-98
296
308
418
429
279
88
-159
-368
-338
-702
-695
-795
-762
-740
-589
-376
-18
-69
240
363
442
379
264
54
-133
-429
-280
-805
-637
-815
-758
-729
-516
-376
-18
-60
269
333
442
379
292
73
-162
-527
-322
-694
-698
-816
-736
-754
-512
-352
39
-120
345
285
488
329
305
25
-194
-388
-478
-677
-711
-797
-790
-698
-509
-303
46
-98
349
310
441
334
281
20
-239
-253
-562
-627
-806
-791
-804
-631
-506
-258
57
-74
347
320
431
358
277
-41
-231
-248
-626
-639
-791
-800
-802
-623
-469
-266
89
-12
289
359
465
319
226
-25
-229
-346
-592
-645
-830
-794
-748
-643
-420
-213
-67
132
307
352
454
323
199
-25
-240
-400
-529
-707
-780
-807
-767
-635
-378
-138
-175
237
309
434
388
355
96
-42
-232
-483
-516
-698
-758
-841
-747
-591
-412
-86
-185
255
281
440
383
330
114
-76
-302
-418
-557
-736
-746
-798
-753
-598
-412
-24
-209
277
290
451
390
294
111
-102
-362
-322
-651
-709
-790
-740
-747
-606
-414
-16
-161
296
296
449
375
301
88
-121
-447
-297
-658
-717
-788
-764
-765
-572
-355
-49
-170
326
316
464
353
301
116
-102
-490
-347
-679
-694
-826
-797
-696
-535
-313
-111
-93
323
298
449
387
295
71
-158
-394
-392
-690
-724
-799
-822
-711
-523
-287
-21
-124
345
333
434
376
290
68
-177
-347
-501
-629
-777
-815
-774
-689
-500
-270
20
-91
337
321
462
313
300
43
-157
-455
-431
-658
-749
-852
-787
-645
-512
-278
38
-1
292
319
472
351
259
79
-202
-502
-409
-703
-743
-851
-750
-671
-429
-251
-108
139
300
371
432
352
229
25
-217
-538
-393
-736
-740
-826
-722
-672
-423
-174
-213
215
269
412
411
348
179
-28
-217
-574
-401
-737
-715
-815
-734
-676
-414
-138
-234
271
254
449
422
339
117
-43
-279
-510
-443
-669
-757
-816
-752
-634
-402
-147
-216
277
278
462
393
315
159
-111
-326
-343
-661
-646
-792
-745
-757
-622
-420
-116
-112
220
279
475
381
306
159
-110
-432
-293
-638
-669
-859
-764
-718
-583
-395
-140
-67
204
335
449
376
299
172
-104
-439
-329
-637
-701
-820
-799
-742
-546
-324
-138
-57
228
339
426
415
285
97
-88
-413
-353
-656
-729
-841
-805
-710
-530
-311
-73
-142
306
351
438
372
291
85
-97
-478
-330
-681
-726
-821
-793
-706
-524
-355
56
-118
303
291
472
380
309
49
-109
-483
-345
-734
-716
-817
-751
-719
-499
-322
-18
-31
293
377
440
335
290
28
-154
-473
-362
-734
-668
-888
-734
-700
-470
-266
-165
121
260
392
425
360
247
-2
-176
-524
-341
-725
-687
-878
-743
-673
-455
-210
-212
182
268
405
446
342
183
7
-197
-516
-402
-732
-650
-843
-745
-703
-458
-207
-175
155
299
422
430
321
195
-25
-220
-489
-483
-664
-745
-841
-736
-619
-452
-237
-46
133
253
389
442
339
187
-90
-275
-282
-634
-681
-771
-790
-770
-610
-445
-210
19
74
351
378
430
291
204
-21
-387
-277
-649
-653
-852
-776
-738
-624
-385
-187
30
72
336
378
432
309
175
-68
-419
-283
-657
-677
-847
-784
-712
-590
-371
-123
-47
170
322
403
413
337
143
-89
-455
-265
-688
-667
-856
-777
-745
-543
-372
-59
-155
268
351
392
382
351
130
-93
-447
-278
-730
-685
-838
-808
-750
-499
-378
4
-75
241
334
432
361
306
114
-145
-422
-316
-732
-698
-794
-786
-752
-537
-346
-16
-14
251
306
441
403
287
64
-185
-412
-330
-746
-664
-843
-746
-755
-498
-300
-108
23
271
348
457
395
225
40
-173
-488
-346
-715
-690
-824
-724
-712
-516
-270
-111
61
248
396
457
338
274
9
-192
-532
-349
-695
-687
-818
-743
-710
-515
-299
-13
29
299
384
435
346
249
-15
-231
-391
-490
-665
-775
-768
-768
-676
-500
-240
35
-37
337
365
489
359
203
-33
-285
-275
-613
-667
-765
-783
-808
-628
-457
-234
93
-31
337
349
476
329
207
-41
-329
-226
-658
-619
-842
-780
-797
-635
-427
-209
76
27
339
354
457
303
214
-50
-341
-228
-678
-636
-871
-784
-792
-579
-388
-184
-37
130
322
362
448
341
206
-88
-359
-243
-718
-684
-793
-823
-741
-634
-359
-72
-197
286
299
436
387
289
168
-92
-329
-337
-692
-653
-814
-809
-753
-617
-351
-49
-140
240
287
461
378
325
112
-137
-346
-360
-652
-703
-790
-778
-765
-553
-407
-24
-92
259
337
423
385
298
70
-169
-361
-334
-712
-683
-795
-732
-763
-576
-331
-13
-98
270
336
439
390
277
44
-158
-480
-318
-688
-679
-805
-772
-732
-506
-365
40
-148
291
360
482
342
261
63
-187
-479
-339
-660
-737
-808
-770
-706
-525
-299
28
-78
337
338
461
344
262
32
-179
-365
-480
-665
-756
-817
-799
-652
-473
-281
45
-94
315
341
442
347
267
5
-263
-229
-570
-641
-823
-808
-783
-640
-483
-238
46
-61
352
332
490
306
239
4
-232
-254
-636
-641
-815
-820
-756
-631
-482
-255
73
24
314
346
469
321
231
-27
-266
-334
-590
-671
-799
-814
-751
-626
-394
-216
-121
166
315
380
435
329
187
-30
-258
-431
-557
-650
-831
-804
-756
-582
-424
-201
-173
278
271
432
416
354
178
-114
-267
-471
-538
-689
-768
-801
-758
-643
-431
-51
-189
256
277
447
358
349
103
-83
-301
-448
-565
-711
-762
-800
-743
-618
-392
-42
-168
241
343
459
370
314
70
-122
-374
-304
-660
-715
-773
-756
-763
-565
-383
-49
-160
217
346
470
385
310
68
-95
-462
-301
-682
-667
-861
-704
-736
-562
-336
-65
-138
303
294
465
384
268
107
-107
-459
-381
-655
-696
-827
-767
-716
-561
-295
-21
-130
322
354
446
331
300
61
-167
-339
-441
-649
-764
-803
-747
-731
-502
-309
4
-86
324
346
439
340
300
67
-160
-385
-469
-665
-749
-829
-806
-669
-489
-274
38
-80
338
326
453
359
270
13
-172
-423
-435
-669
-790
-792
-777
-685
-474
-265
42
2
315
363
413
375
266
-57
-165
-515
-404
-706
-753
-820
-786
-686
-408
-215
-138
125
281
431
409
327
219
-5
-204
-539
-389
-772
-690
-835
-752
-697
-417
-162
-222
254
274
427
418
353
200
-67
-234
-585
-408
-659
-745
-834
-770
-642
-434
-103
-234
253
269
459
390
321
145
-63
-267
-478
-536
-679
-768
-788
-748
-655
-412
-136
-185
260
271
432
408
339
106
-58
-382
-275
-656
-635
-843
-758
-763
-588
-367
-146
-115
259
286
429
415
276
140
-46
-435
-314
-648
-670
-818
-773
-747
-556
-351
-166
-54
240
275
418
415
284
163
-72
-428
-353
-682
-694
-817
-754
-732
-540
-334
-123
-52
235
354
429
384
299
128
-137
-433
-332
-679
-742
-804
-776
-751
-510
-273
-48
-121
277
326
481
378
269
95
-120
-463
-362
-663
-738
-836
-784
-690
-536
-346
59
-93
298
314
445
362
294
60
-131
-504
-329
-715
-723
-867
-741
-706
-466
-315
-64
49
279
349
431
373
258
29
-154
-515
-320
-753
-694
-862
-755
-706
-458
-202
-239
166
284
387
402
372
232
20
-211
-520
-379
-745
-691
-819
-760
-712
-435
-256
-183
210
274
366
435
361
200
0
-237
-548
-381
-720
-680
-817
-755
-675
-441
-216
-137
169
283
376
465
315
187
-19
-264
-426
-517
-661
-765
-804
-757
-643
-461
-187
-62
111
289
402
447
324
166
-77
-311
-261
-662
-686
-768
-776
-771
-610
-408
-185
2
73
328
385
454
300
164
-28
-397
-278
-654
-644
-819
-773
-784
-584
-382
-198
49
121
342
372
416
308
222
-94
-456
-257
-661
-698
-862
-754
-743
-546
-386
-142
-35
196
335
396
399
318
167
-81
-446
-271
-710
-694
-825
-801
-760
-521
-330
-69
-135
286
290
441
389
318
125
-130
-454
-240
-746
-700
-842
-788
-734
-541
-340
3
-91
264
315
445
350
309
90
-144
-435
-309
-742
-671
-851
-727
-778
-512
-355
-39
19
246
366
437
388
269
40
-187
-436
-322
-722
-684
-831
-770
-702
-530
-296
-113
95
230
354
454
367
242
21
-172
-460
-385
-712
-663
-825
-763
-727
-504
-297
-37
51
267
370
442
366
259
35
-208
-498
-449
-655
-717
-812
-761
-684
-482
-288
2
17
306
381
427
329
276
-37
-231
-382
-531
-648
-739
-819
-758
-675
-483
-243
72
-40
304
363
501
308
237
-74
-265
-237
-662
-662
-784
-782
-785
-634
-452
-252
93
23
314
358
477
301
239
-54
-354
-209
-691
-587
-846
-809
-768
-589
-443
-188
85
13
337
363
441
297
217
-70
-336
-230
-672
-675
-856
-772
-796
-607
-367
-161
-107
170
325
413
399
308
192
-107
-342
-285
-665
-693
-825
-794
-800
-569
-360
-53
-197
261
300
448
386
312
135
-57
-355
-340
-652
-675
-854
-768
-747
-588
-395
-10
-129
269
311
455
369
314
85
-114
-354
-391
-643
-718
-811
-749
-748
-558
-389
-40
-90
270
337
436
387
284
55
-145
-405
-307
-688
-697
-833
-716
-753
-523
-366
-20
-94
281
353
451
358
327
43
-162
-468
-341
-689
-702
-815
-726
-743
-517
-354
38
-94
315
343
449
363
279
32
-164
-451
-385
-649
-713
-825
-761
-701
-506
-309
8
-61
317
333
